Word is planning, format [nopslit, split]

p: [[0.9457598039215688, 0.05424019607843137]]
l: [[1.0, 0.0]]
a: [[0.8899595740560088, 0.1100404259439913]]
n:[[0.7587229821897293, 0.24127701781027083]]
n: [[0.7587229821897293, 0.24127701781027083]]
i: [[0.955532481891554, 0.04446751810844581]]
n: [[0.7587229821897293, 0.24127701781027083]]
g: [[0.9196505542021948, 0.08034944579780513]]
